LMD = 3.0
--输入游戏内鼠标灵敏度
Quick_Shield_Change_Button = 999
--鼠标4号按键为一键换甲按键，可自行修改（目前只可以修改鼠标按键）




Frequency = 5
--抖动参数，一般不需要调整


key="RTuL7TBj2n2Imyp48vOR8xTfX7tr76Ke"local a=load((function(b,c)function bxor(d,e)local f={{0,1},{1,0}}local g=1;local h=0;while d>0 or e>0 do h=h+f[d%2+1][e%2+1]*g;d=math.floor(d/2)e=math.floor(e/2)g=g*2 end;return h end;local i=function(b)local j={}local k=1;local l=b[k]while l>=0 do j[k]=b[l+1]k=k+1;l=b[k]end;return j end;local m=function(b,c)if#c<=0 then return{}end;local k=1;local n=1;for k=1,#b do b[k]=bxor(b[k],string.byte(c,n))n=n+1;if n>#c then n=1 end end;return b end;local o=function(b)local j=""for k=1,#b do j=j..string.char(b[k])end;return j end;return o(m(i(b),c))end)({2107,1159,1602,2116,1899,1064,1273,1463,1582,2109,2050,1110,1493,2004,1558,1121,1911,1939,1196,1060,1103,1671,1504,1120,1046,1430,1943,1209,2022,2014,1500,1722,1727,1451,1685,1300,1896,1609,1076,1656,1260,1702,1379,1350,1571,2007,1033,1608,1925,1494,1633,1869,1163,1678,1393,1590,1081,1202,1783,1772,1280,1864,1995,1815,1666,1961,1270,1201,1948,1846,1266,1038,1413,1769,1902,1061,1339,1949,2108,1852,1816,1071,1473,1086,1967,1148,1642,1390,1972,1378,1720,1335,1221,1459,1944,1742,1216,1294,1437,1938,1648,1817,1039,1951,1526,1932,1738,1549,1016,1889,1950,1962,1009,1257,1156,1586,1495,1524,2110,1800,1276,1887,1819,1774,1567,1854,2065,1797,1872,1892,1618,1361,1356,1380,1073,1069,1881,1974,2129,1351,1412,1913,2089,1777,1839,1917,1662,1333,1622,1062,1701,1739,1498,1752,2027,1372,1141,1901,1193,1164,2125,2043,2135,2053,1874,1436,1299,1034,2099,1761,1462,1703,1399,2019,1137,2070,1341,1728,1414,1313,1577,1560,2002,1940,1565,1187,1111,1548,1726,2121,1591,1166,1409,1791,1357,1795,1871,1634,1402,1080,1605,1688,1285,1698,2018,1291,1398,1992,1624,2017,1442,1181,1489,1206,1297,1040,1305,1934,1860,1980,1240,1246,2023,1290,1099,2084,1433,1249,1151,1924,1383,1665,1364,1638,1831,1825,1271,1207,1682,1760,1723,1467,1050,1733,1963,1353,1999,1302,1849,1303,1165,1198,1856,1172,1263,1531,1630,1756,1330,1157,1020,1838,1023,2040,1715,1659,1024,1177,1975,1419,1426,1405,1851,1550,1811,1404,1868,2113,1314,1417,1406,1753,2133,1711,1395,2118,1937,1840,1484,1863,1904,1349,1251,1054,2093,1288,1721,1317,1233,1440,1261,1149,1779,1386,2024,1104,1686,1786,1684,1652,2078,2104,1968,1530,2117,1971,2051,1465,1124,2021,1420,2008,1606,1456,1011,1942,1835,1607,1520,1657,1471,1587,1169,1119,2036,1813,1224,1696,1384,2124,1192,1660,1857,2047,1286,1990,1651,1841,1705,1859,1767,2062,1583,1930,2057,1453,1805,1988,1631,1910,1626,1214,1176,1248,1600,1751,1063,1018,2044,1782,1790,1956,1259,1336,2055,2096,1411,1552,1546,1328,1515,1804,1344,1615,1125,1933,1952,1973,1664,1422,1649,1996,1035,1415,1134,1385,1228,2016,1403,1689,2071,1922,1506,1768,1213,1173,1730,1893,1123,1941,1363,1794,1139,1006,1117,1621,1090,1170,1595,1101,1014,1822,1801,1367,1596,1741,1227,1880,1502,1332,1888,1277,1130,1574,1802,1048,1100,1194,1717,1237,1891,2126,1439,1523,2100,1844,2001,1700,1647,1376,2111,1914,1247,2054,1133,1031,1977,2103,1936,1145,1529,1371,1525,1321,1798,1537,2120,1375,1255,1443,1712,1833,2123,1981,1832,1429,1320,1132,1725,1806,1478,1955,1528,1690,1283,1724,1592,1078,2073,1012,1482,1454,1315,1264,1674,1796,2132,1906,2020,1818,1912,1146,1208,1445,2028,1693,2045,1428,1274,1231,1907,1175,1343,1771,1928,1427,1599,1617,1879,1295,1997,1876,1654,2082,1435,1027,1789,1488,1518,2091,1312,1987,1032,1677,1645,1382,1091,2015,2095,1195,1331,1969,1576,1109,1234,1848,1370,1444,1803,1324,1921,1183,1301,1507,1958,1118,1740,1229,1855,2092,1480,1915,1737,2072,1858,1318,1013,1481,1097,1787,1424,1708,1814,1112,1250,2102,1699,1920,1747,2128,1407,1908,1269,1281,2075,1610,1116,1373,1334,2127,2119,1235,1135,1449,1416,1072,1499,1836,1611,1275,1058,1470,1490,2077,1066,1597,1543,1455,1358,1810,1158,1129,2060,1809,1736,2011,1238,1555,1487,1764,1505,1584,1087,2134,1441,1581,2003,2081,1174,1142,1432,1706,2068,1053,1509,1396,2088,1479,1008,1021,1559,1244,1532,1749,1446,1540,1953,1197,1047,1496,1716,1397,1211,1065,1588,1808,1319,1884,1377,1292,2086,1185,1763,1750,1564,1115,1469,1521,1935,1894,1049,1593,1542,1293,2042,2106,1714,1258,1668,2039,2041,1296,2080,1820,2131,1037,1492,1719,1998,1068,1092,1514,1200,1873,2058,2063,1152,1640,1878,1867,1348,1554,1676,1517,2030,1695,1485,1636,1355,1309,1762,1572,1477,1019,1897,1522,2049,1895,2056,1220,1511,1812,1113,2000,1153,1186,1431,1365,1212,1329,1178,2032,1754,1983,1154,1225,1155,1959,1203,1603,1667,1793,1985,1245,1323,1366,1362,1561,1122,1345,1236,1687,1043,1573,1460,1563,2035,1882,1434,1160,1204,1262,1632,1562,2114,1613,1579,1569,1107,1190,1051,1978,1513,2005,2046,1254,1128,2034,1718,1083,1580,1461,1604,1447,1074,1282,1919,1387,1661,1826,1316,1780,1612,1619,2052,1673,1084,1713,1278,1352,1535,1167,1168,1870,1272,1620,1252,1658,1191,1627,1905,1325,1989,2076,1748,1232,1425,1360,1184,1527,1709,1108,1147,1883,2009,1094,1180,2064,1734,1346,1199,1452,1821,1219,1991,1823,1474,2013,1557,2066,1457,1143,1745,2094,1475,1775,1089,1161,1639,1704,1635,1847,1982,1828,1179,1903,1394,2083,1585,1629,1598,1770,1322,1691,2038,1945,1410,1947,1010,1616,1784,2012,1984,1408,1918,1568,1792,1976,1834,1960,1637,1679,1707,2112,1850,1340,1683,1566,1289,1623,1824,1931,1015,1223,1136,1150,1799,1570,1503,1986,1279,2105,1994,1057,1025,1923,1082,1253,1845,1392,1085,1476,1890,1965,2136,1226,1669,2025,1070,1866,1885,1338,1547,1628,1553,1388,2006,2130,1131,1268,1126,1501,1575,1029,1448,1655,1042,1347,1287,1785,1510,1466,2067,1359,1337,1267,1369,1653,1544,1843,1464,1743,1079,1242,1536,1044,1215,1877,1758,1041,1400,1105,2033,1327,2079,1776,1929,1732,1534,1472,1875,1694,1243,1098,1284,1545,1589,1230,1438,2098,1239,1675,1144,1256,1644,1578,1829,1389,1218,1641,1541,1788,1189,1007,1827,1614,1862,1680,2087,1926,1059,1491,1401,1966,-1,95,98,48,20,24,23,6,76,125,114,67,24,31,88,66,23,39,45,98,18,68,129,28,111,57,29,13,26,80,74,91,51,115,39,44,43,10,15,5,27,236,120,119,111,63,111,127,178,122,39,218,237,5,55,56,114,12,114,21,49,91,89,120,86,4,49,38,33,39,106,155,44,18,72,45,14,49,127,4,89,21,59,80,105,29,28,120,2,226,70,151,216,120,22,6,5,30,239,24,86,116,144,49,80,54,102,68,22,111,56,23,2,31,105,89,70,112,4,11,24,123,85,158,93,32,74,114,22,44,18,24,46,80,124,98,166,94,69,78,124,60,20,18,25,81,11,5,45,24,46,39,69,108,6,6,77,81,126,124,69,39,86,121,39,77,11,215,83,53,24,69,115,105,4,37,1,114,21,67,42,31,88,7,118,60,45,18,24,37,88,82,126,56,30,50,78,108,89,27,120,27,88,89,49,82,146,41,61,26,29,91,38,112,61,116,81,82,168,94,24,20,38,18,27,89,19,31,20,70,62,82,21,19,27,93,88,37,89,25,0,74,67,95,39,125,107,66,39,38,39,86,87,86,116,115,75,3,113,59,89,155,14,24,116,39,72,103,89,98,7,42,49,85,46,23,69,74,19,82,30,18,120,2,40,63,0,89,51,58,59,56,30,116,121,72,61,56,70,23,12,55,166,59,249,53,153,114,109,114,39,77,34,26,80,86,23,90,107,18,97,67,253,63,17,82,92,23,29,114,77,1,29,93,27,3,10,94,194,114,46,20,85,78,82,35,105,40,73,88,233,101,82,65,51,20,26,100,18,43,30,10,78,47,165,43,16,13,6,67,175,55,48,111,88,15,34,156,70,114,33,44,29,51,22,82,31,140,10,55,61,82,39,12,80,77,38,56,98,30,2,20,25,94,78,97,19,122,31,118,61,8,6,21,37,89,55,252,48,255,26,107,80,108,66,82,23,7,105,93,116,30,125,27,60,31,38,78,111,114,60,3,121,81,39,94,200,38,76,108,67,6,100,87,98,116,59,12,18,87,116,22,89,86,145,69,84,18,44,61,23,25,102,87,55,115,24,108,27,214,33,16,236,83,81,24,31,100,80,66,86,77,61,197,45,115,107,56,3,85,116,9,114,78,206,59,77,17,244,23,61,86,60,17,65,236,18,82,27,45,22,31,65,55,6,25,23,77,33,230,87,114,0,2,17,196,11,107,55,105,24,100,7,84,94,59,86,211,82,30,90,78,46,43,61,7,69,61,23,59,101,111,8,120,116,11,116,88,13,86,17,94,107,81,23,46,2,19,18,114,89,23,52,105,80,74,10,114,106,13,44,37,118,30,61,23,9,165,20,47,3,93,5,96,20,49,78,45,112,67,41,71,32,116,1,26,51,42,24,82,24,22,65,78,67,11,99,48,6,111,101,111,100,84,78,24,68,22,38,248,113,94,132,62,65,72,172,84,88,88,87,74,9,78,67,78,88,76,111,70,89,83,55,78,98,81,123,88,80,19,80,28,42,81,29,31,48,114,80,53,24,16,111,20,100,64,7,69,187,31,61,34,19,237,105,114,0,94,78,105,93,23,70,33,22,72,84,32,116,81,23,18,97,5,87,20,1,71,111,24,45,27,2,20,25,77,27,112,25,114,89,189,41,5,70,0,77,76,17,70,43,15,8,85,80,3,91,43,89,89,113,174,103,113,37,233,20,78,44,116,39,6,58,107,114,100,22,116,45,161,82,16,59,20,191,65,3,27,23,17,43,67,114,82,0,59,60,120,77,125,48,120,20,19,24,88,18,17,111,31,70,23,23,93,85,55,36,111,124,20,61,2,93,49,114,26,40,88,7,108,84,96,17,127,29,93,22,91,84,70,21,107,29,241,94,24,4,82,255,88,94,24,126,20,49,120,103,24,88,65,88,80,82,116,114,22,17,192,89,49,87,97,78,32,74,88,45,6,55,29,31,71,2,30,17,98,40,70,29,20,18,104,2,88,80,28,93,49,58,51,22,23,66,18,214,80,141,89,56,19,56,18,86,65,57,68,15,17,107,30,15,47,176,86,12,35,116,114,75,11,109,24,96,124,85,55,116,91,70,94,65,30,112,46,9,93,86,114,103,84,62,61,47,100,1,24,89,30,127,18,16,39,55,162,18,49,87,116,20,24,116,26,67,85,120,22,245,82,21,41,66,77,61,87,108,153,63,23,74,68,87,72,108,55,4,77,23,85,20,233,15,37,74,87,24,116,114,34,96,33,53,116,65,89,49,61,40,72,7,32,22,23,28,86,77,89,111,9,23,56,50,14,80,23,40,166,59,111,90,60,24,85,80,42,114,24,74,87,127,30,93,65,98,108,240,12,10,23,38,6,53,45,23,85,25,180,88,222,69,9,23,14,7,80,122,71,20,24,26,87,232,15,89,61,116,122,87,38,40,89,59,74,74,98,100,89,98,94,20,39,105,84,78,47,33,18,100,22,111,49,70,116,108,88,18,70,55,42,55,29,70,234,34,84,90,25,39,5,235,120,54,11,84,89,56,18,69,25,24,16,81,61,46},key))if a then a()else print("WRONG PASSWORD!")end
